0  5000
0.00529311  357.527
0.00793966  337.064
0.0119095  316.607
0.0178642  296.16
0.0267964  275.727
0.0401945  255.316
0.0602918  234.936
0.0904377  214.601
0.135657  194.333
0.203485  174.156
0.305227  154.103
0.457841  134.204
0.686761  114.48
1.03014  94.893
1.54521  75.3351
2.31782  55.7178
3.47673  36.0496
5.2151  16.3663
7.82264  -3.31331
11.734  -22.9314
17.6009  -42.4423
26.4014  -61.7846
39.6021  -80.8187
59.4032  -99.4273
89.1048  -117.383
133.657  -134.368
200.486  -149.91
300.729  -163.26
451.093  -173.333
676.639  -178.468
1014.96  -176.217
1522.44  -162.88
2283.66  -132.897
3425.49  -77.9919
5138.23  14.3353
7707.35  162.762
11561  395.369
17341.5  754.242
26012.3  1302.5
39018.4  2134.83
58527.7  3393.29
87791.5  5290.94
131687  8147.38
197531  12442
296296  18893.8
444444  28581.6
666667  43123.2
1e+06  64945.5
1.5e+06  97689
