0  5000
0.00529311  357.528
0.00793966  337.066
0.0119095  316.61
0.0178642  296.165
0.0267964  275.734
0.0401945  255.326
0.0602918  234.95
0.0904377  214.622
0.135657  194.363
0.203485  174.201
0.305227  154.171
0.457841  134.315
0.686761  114.664
1.03014  95.1913
1.54521  75.8564
2.31782  56.6129
3.47673  37.4916
5.2151  18.6457
7.82264  0.242264
11.734  -17.4491
17.6009  -34.0942
26.4014  -49.1347
39.6021  -61.7498
59.4032  -70.7186
89.1048  -74.2181
133.657  -69.5268
200.486  -52.5392
300.729  -17.0912
451.093  46.0428
676.639  150.719
1014.96  317.686
1522.44  578.084
2283.66  978.647
3425.49  1589.45
5138.23  2515.61
7707.35  3914.83
11561  6023.61
17341.5  9196.72
26012.3  13966.3
39018.4  21130.7
58527.7  31887.3
87791.5  48032
131687  72259.1
197531  108610
296296  163146
444444  244959
666667  367690
1e+06  551796
1.5e+06  827965
