0  5000
0.00529311  357.524
0.00793966  337.06
0.0119095  316.601
0.0178642  296.15
0.0267964  275.713
0.0401945  255.293
0.0602918  234.903
0.0904377  214.552
0.135657  194.259
0.203485  174.047
0.305227  153.942
0.457841  133.973
0.686761  114.174
1.03014  94.4895
1.54521  74.8735
2.31782  55.1875
3.47673  35.4709
5.2151  15.7016
7.82264  -4.10551
11.734  -23.9325
17.6009  -43.7455
26.4014  -63.5492
39.6021  -83.3181
59.4032  -103.023
89.1048  -122.626
133.657  -142.082
200.486  -161.301
300.729  -180.179
451.093  -198.554
676.639  -216.135
1014.96  -232.557
1522.44  -247.229
2283.66  -259.268
3425.49  -267.383
5138.23  -269.597
7707.35  -262.957
11561  -243.036
17341.5  -203.201
26012.3  -133.483
39018.4  -18.9523
58527.7  162.801
87791.5  445.406
131687  879.276
197531  1540.04
296296  2541.15
444444  4052.77
666667  6330.17
1e+06  9756.2
1.5e+06  14905.2
