0  5000
0.00529311  357.524
0.00793966  337.06
0.0119095  316.601
0.0178642  296.15
0.0267964  275.712
0.0401945  255.293
0.0602918  234.902
0.0904377  214.549
0.135657  194.255
0.203485  174.041
0.305227  153.935
0.457841  133.971
0.686761  114.164
1.03014  94.4856
1.54521  74.8602
2.31782  55.1733
3.47673  35.4318
5.2151  15.6475
7.82264  -4.17633
11.734  -24.0302
17.6009  -43.9139
26.4014  -63.7973
39.6021  -83.7024
59.4032  -103.6
89.1048  -123.504
133.657  -143.401
200.486  -163.318
300.729  -183.22
451.093  -203.12
676.639  -223.023
1014.96  -242.919
1522.44  -262.821
2283.66  -282.732
3425.49  -302.6
5138.23  -322.445
7707.35  -342.242
11561  -361.99
17341.5  -381.65
26012.3  -401.179
39018.4  -420.527
58527.7  -439.59
87791.5  -458.233
131687  -476.22
197531  -493.249
296296  -508.824
444444  -522.243
666667  -532.384
1e+06  -537.666
1.5e+06  -535.632
