0  5000
0.00529311  357.524
0.00793966  337.06
0.0119095  316.601
0.0178642  296.151
0.0267964  275.713
0.0401945  255.294
0.0602918  234.903
0.0904377  214.552
0.135657  194.26
0.203485  174.045
0.305227  153.943
0.457841  133.976
0.686761  114.167
1.03014  94.4922
1.54521  74.8588
2.31782  55.1985
3.47673  35.458
5.2151  15.6566
7.82264  -4.17577
11.734  -24.0415
17.6009  -43.9383
26.4014  -63.847
39.6021  -83.7599
59.4032  -103.663
89.1048  -123.579
133.657  -143.496
200.486  -163.417
300.729  -183.318
451.093  -203.236
676.639  -223.131
1014.96  -243.029
1522.44  -262.901
2283.66  -282.778
3425.49  -302.634
5138.23  -322.456
7707.35  -342.233
11561  -361.957
17341.5  -381.575
26012.3  -401.033
39018.4  -420.264
58527.7  -439.135
87791.5  -457.492
131687  -475.062
197531  -491.462
296296  -506.087
444444  -518.08
666667  -526.107
1e+06  -528.207
1.5e+06  -521.382
