0  5000
0.00529311  357.524
0.00793966  337.059
0.0119095  316.601
0.0178642  296.15
0.0267964  275.713
0.0401945  255.293
0.0602918  234.901
0.0904377  214.55
0.135657  194.255
0.203485  174.038
0.305227  153.937
0.457841  133.974
0.686761  114.164
1.03014  94.4884
1.54521  74.8603
2.31782  55.1991
3.47673  35.4682
5.2151  15.6722
7.82264  -4.15443
11.734  -23.998
17.6009  -43.8374
26.4014  -63.6859
39.6021  -83.5268
59.4032  -103.349
89.1048  -123.128
133.657  -142.844
200.486  -162.468
300.729  -181.924
451.093  -201.167
676.639  -220.083
1014.96  -238.502
1522.44  -256.154
2283.66  -272.66
3425.49  -287.481
5138.23  -299.749
7707.35  -308.189
11561  -310.885
17341.5  -304.979
26012.3  -286.172
39018.4  -248
58527.7  -180.801
87791.5  -70.047
131687  106.046
197531  380.118
296296  801.175
444444  1442.73
666667  2415.01
1e+06  3883.41
1.5e+06  6095.97
